Name	treepos	Nprot	Median	Mean	Std	Q1	Q3	Min	Max	Sum
Ajellomyces_dermatitidis	1	9745	1207.7	2160.92	3008.61	438.67	2527.52	0.0	36431.31	21058144.33
Paracoccidioides_lutzii	2	8811	1207.99	2203.59	3070.67	427.8	2611.52	0.0	36126.69	19415812.0
Talaromyces_stipitatus	3	12446	1592.54	2802.47	3548.8	689.83	3292.8	0.0	38700.64	34879547.06
Aspergillus_terreus	4	10416	1697.56	2947.0	3606.79	774.65	3446.91	0.0	34827.3	30695904.24
Aspergillus_oryzae	5	11421	1792.93	3287.15	4057.44	848.25	3802.93	0.0	46441.2	37542593.51
Aspergillus_niger	6	10372	1807.07	3257.83	3990.24	844.67	3800.43	0.0	39665.31	33790235.44
Penicillium_digitatum	7	9018	1368.06	2495.45	3447.38	491.01	2887.89	0.0	41241.71	22503985.84
Fonsecaea_erecta	8	12089	1638.07	2866.73	3555.47	725.45	3352.23	0.0	36617.78	34655924.06
Endocarpon_pusillum	9	9207	1560.21	2649.96	3343.15	599.86	3207.4	0.0	36369.11	24398207.58
Marssonina_brunnea	10	10037	1522.33	2555.62	3243.28	659.09	3012.26	0.0	36349.23	25650788.45
Diplodia_corticola	11	10827	1582.47	2797.13	3522.46	689.66	3265.96	0.0	53549.99	30284531.0
Leptosphaeria_maculans	12	12608	1149.72	2152.97	3080.54	357.76	2506.01	0.0	38253.57	27144602.81
Setosphaeria_turcica	13	11687	1342.19	2448.75	3326.17	517.39	2765.95	0.0	37461.4	28618575.09
Selaginella_moellendorffii	14	32881	1657.94	2565.4	3063.31	771.62	3123.41	0.0	53170.18	84353072.04
Zymoseptoria_tritici	15	10972	1281.14	2338.67	3238.74	514.94	2595.18	0.0	36631.48	25659879.43
Pseudocercospora_fijiensis	16	13043	1273.43	2317.22	3153.41	520.8	2633.18	0.0	37373.86	30223465.62
Grosmannia_clavigera	17	8311	1723.02	2916.42	3547.26	764.63	3450.47	0.0	35187.39	24238363.21
Eutypa_lata	18	11684	1464.04	2448.07	3086.82	686.58	2756.29	0.0	43403.87	28603240.24
Colletotrichum_graminicola	19	12019	1488.75	2666.8	3578.45	621.17	3037.16	0.0	89432.16	32052278.49
Verticillium_alfalfae	20	10233	1338.67	2347.45	3056.1	524.64	2726.07	0.0	24844.66	24021470.94
Fusarium_oxysporum	21	16631	1514.1	2734.73	3546.95	649.29	3110.67	0.0	43252.69	45481281.15
Atta_colombica	22	14068	1480.51	2723.57	3886.62	562.56	3186.07	0.0	54401.51	38315178.23
Pochonia_chlamydosporia	23	14145	1494.51	2694.08	3569.16	662.4	3041.65	0.0	54725.57	38107728.33
Chaetomium_thermophilum	24	7174	1566.24	2625.88	3312.47	660.5	3114.11	0.0	35766.64	18838095.8
Thielavia_terrestris	25	9760	1421.04	2417.94	3193.24	558.31	2806.46	0.0	37068.45	23599118.56
Aphanomyces_astaci	26	19020	1438.31	2704.84	4108.88	558.79	3026.91	0.0	85179.24	51446071.48
Neurospora_crassa	27	9759	1398.19	2413.19	3201.66	556.76	2806.7	0.0	35387.66	23550313.83
Sugiyamaella_lignohabitans	28	4518	1528.06	2596.81	3259.86	672.21	3067.66	0.0	23945.59	11732403.09
Metschnikowia_bicuspidata	29	5823	1619.39	2806.82	3570.56	694.03	3295.88	0.0	34556.96	16344100.28
Lodderomyces_elongisporus	30	5779	1776.85	2990.93	3629.93	746.8	3664.49	0.0	35640.89	17284582.68
Candida_tropicalis	31	6226	1762.33	3028.75	3725.07	775.55	3584.36	0.0	34619.04	18856992.44
Candida_albicans	32	5983	1718.44	2995.61	3757.49	728.3	3526.53	0.0	34466.66	17922741.42
Spathaspora_passalidarum	33	5972	1562.11	2804.59	3629.08	651.05	3270.91	0.0	34136.95	16749005.81
Kuraishia_capsulata	34	6020	1596.84	2941.99	3798.12	671.39	3443.95	0.0	32556.74	17710755.98
Pichia_kudriavzevii	35	6873	1150.95	2353.95	3528.62	280.96	2748.6	0.0	44143.21	16178671.1
Ogataea_parapolymorpha	36	5338	1649.8	2941.07	3734.88	701.65	3418.08	0.0	34463.43	15699419.38
Tetrapisispora_blattae	37	5361	1708.86	3028.47	3796.75	743.68	3631.79	0.0	35270.94	16235617.19
Tetrapisispora_phaffii	38	5226	1710.01	2991.36	3881.8	717.05	3575.7	0.0	37161.58	15632850.29
Kazachstania_africana	39	5344	1640.72	2885.49	3703.79	691.43	3447.5	0.0	34364.72	15420043.25
Lachancea_thermotolerans	40	5093	1571.4	2815.04	3650.26	643.48	3281.04	0.0	30796.11	14336986.25
Lachancea_lanzarotensis	41	5055	1592.71	2822.79	3619.54	657.69	3320.06	0.0	33521.72	14269207.77
Kluyveromyces_marxianus	42	4925	1638.9	2951.27	3782.85	676.57	3475.7	0.0	32725.34	14535024.24
Kluyveromyces_lactis	43	5071	1602.75	2879.01	3742.95	668.93	3350.34	0.0	33695.75	14599442.07
Eremothecium_cymbalariae	44	4428	1611.8	2776.79	3545.54	681.11	3343.48	0.0	34349.0	12295615.6
Kazachstania_naganishii	45	5254	1634.59	2849.34	3691.22	657.59	3349.33	0.0	33711.27	14970436.74
Candida_glabrata	46	5200	1606.39	2866.67	3755.2	653.11	3399.12	0.0	37122.4	14906697.01
Vanderwaltozyma_polyspora	47	5306	1601.87	2850.78	4115.36	646.83	3303.94	0.0	95435.92	15126255.35
Zygosaccharomyces_rouxii	48	4987	1566.68	2765.89	3589.64	643.01	3250.25	0.0	33528.85	13793507.51
Torulaspora_delbrueckii	49	4938	1542.39	2769.41	3595.35	663.67	3216.03	0.0	33510.64	13675357.22
Naumovozyma_dairenensis	50	5473	1668.79	2868.05	3643.92	704.0	3453.1	0.0	32646.59	15696816.41
Drosophila_ficusphila	51	14697	1561.76	2757.35	3534.1	739.49	3183.54	0.0	48798.2	40524781.9
Saccharomyces_cerevisiae	52	6704	1631.66	2750.33	3551.19	676.39	3196.48	0.0	33941.69	18438243.35
Saccharomyces_paradoxus	53	5512	1413.4	2157.58	3092.41	235.98	2022.95	0.0	19733.97	11892554.67
Saccharomyces_bayanus	54	5490	1561.92	2765.7	3589.5	652.03	3204.86	0.0	33027.66	15183708.14
Saccharomyces_mikatae	55	5702	1450.8	2529.37	3341.2	572.99	2952.71	0.0	29843.52	14422477.22
Naumovozyma_castellii	56	5560	1639.65	2834.79	3656.89	673.19	3345.54	0.0	33376.99	15761460.12
Pneumocystis_murina	57	3634	1798.01	2981.8	3863.08	728.02	3619.89	0.0	42362.97	10835849.39
Pneumocystis_jirovecii	58	3746	1840.4	2954.96	3738.97	756.92	3599.91	0.0	43336.26	11069284.03
Lobosporangium_transversale	59	11588	1489.4	2474.64	3252.54	629.97	2867.35	0.0	34241.17	28676096.24
Emiliania_huxleyi	60	35667	993.44	1765.8	2503.18	336.83	2057.68	0.0	51082.98	62980951.18
Capsaspora_owczarzaki	61	8738	1973.86	3217.62	3894.78	865.86	4064.23	0.0	71739.62	28115536.21
Salpingoeca_rosetta	62	11614	1770.27	2964.88	4164.31	693.73	3578.64	0.0	78255.87	34434122.75
Cryptosporidium_muris	63	3924	2263.82	4026.76	5388.33	939.49	4842.73	0.0	83666.58	15801015.85
Eimeria_tenella	64	8594	1137.84	1989.72	2794.91	340.31	2497.31	0.0	36242.39	17099645.53
Trypanosoma_brucei	65	8557	1769.13	2817.92	3470.67	767.89	3447.26	0.0	45115.48	24112976.38
Babesia_microti	66	3594	1734.73	2778.93	3331.33	744.19	3485.8	0.0	32739.02	9987463.73
Babesia_bovis	67	3690	1742.03	3025.16	3802.28	773.05	3680.65	0.0	36305.38	11162845.72
Babesia_bigemina	68	4430	1642.48	2695.47	3393.64	667.69	3293.39	0.0	34336.6	11940946.7
Babesia_equi	69	5434	1977.47	3162.92	3950.51	890.5	3713.11	0.0	35561.64	17187295.6
Theileria_orientalis	70	3989	1803.41	3203.98	4294.43	714.33	3881.03	0.0	52718.43	12780683.53
Theileria_parva	71	4068	1929.7	3169.43	4015.39	815.79	3764.96	0.0	46646.72	12893255.0
Theileria_annulata	72	3789	2364.68	3835.85	4773.51	1047.01	4467.99	0.0	47465.33	14534041.28
Plasmodium_yoelii	73	6694	1810.7	2699.52	3095.18	670.79	3649.07	0.0	29800.87	18070573.15
Plasmodium_berghei	74	5060	2473.15	4465.5	6383.38	1011.61	5132.25	0.0	71775.99	22595421.45
Amphimedon_queenslandica	75	42908	1127.09	2166.22	3429.64	351.84	2503.48	0.0	96527.95	92948272.32
Malassezia_pachydermatis	76	4192	1439.01	2500.25	3415.98	580.04	2965.79	0.0	64196.06	10481060.98
Malassezia_globosa	77	4267	1366.69	2293.4	2981.0	516.97	2778.39	0.0	31899.0	9785920.74
Kalmanozyma_brasiliensis	78	5758	1519.73	2649.1	3405.04	634.17	3066.43	0.0	32463.1	15253535.47
Ustilago_maydis	79	6788	1551.18	2680.88	3430.57	684.06	3097.65	0.0	30814.97	18197804.33
Mixia_osmundae	80	6725	1592.03	2640.74	3325.48	630.88	3146.69	0.0	28852.45	17758960.08
Cryptococcus_neoformans	81	6596	1490.44	2647.91	3438.13	628.37	3056.11	0.0	33328.71	17465627.8
Cryptococcus_gattii	82	6471	1358.3	2408.51	3217.67	535.02	2817.08	0.0	33141.24	15585476.27
Trichosporon_asahii	83	8515	1280.76	2252.35	3090.24	513.37	2522.04	0.0	33408.48	19178734.06
Heterobasidion_irregulare	84	13148	1195.03	2082.8	2821.78	391.4	2485.24	0.0	34447.9	27384629.01
Gloeophyllum_trabeum	85	11734	1339.02	2304.63	3018.52	542.11	2700.46	0.0	26837.93	27042567.33
Dichomitus_squalens	86	7182	1373.31	2293.87	3002.99	528.39	2720.12	0.0	34768.59	16474553.74
Coniophora_puteana	87	1010	1426.95	2334.96	2831.05	574.19	2911.68	0.0	24675.9	2358313.59
Serpula_lacrymans	88	14336	985.48	1879.09	2770.1	281.46	2191.09	0.0	34367.65	26938663.71
Helobdella_robusta	89	23294	1322.8	2201.05	2934.22	497.13	2687.1	0.0	37864.64	51271193.72
Phycomyces_blakesleeanus	90	16154	1417.46	2259.89	2891.27	601.67	2713.04	0.0	33626.38	36506190.27
Dictyostelium_discoideum	91	12724	1841.53	3140.2	3953.6	737.15	3863.56	0.0	59079.07	39955965.56
Phytophthora_sojae	92	25720	1140.56	2213.56	3450.42	409.07	2425.56	0.0	64287.02	56932757.6
Phaeodactylum_tricornutum	93	10450	1701.84	2613.25	3000.04	776.57	3165.28	0.0	32683.02	27308426.91
Strongylocentrotus_purpuratus	94	28196	1579.72	2737.74	3467.89	597.07	3401.71	0.0	64400.01	77193201.35
Crassostrea_gigas	95	25905	1371.85	2448.81	3423.78	495.92	2860.47	0.0	81471.8	63436376.69
Caenorhabditis_elegans	96	19899	1749.01	3179.27	3630.15	894.69	3879.16	0.0	49533.84	63264372.15
Loa_loa	97	11884	1380.44	2349.59	3249.6	468.2	2894.31	0.0	76691.58	27922546.89
Tinamus_guttatus	98	13335	1197.22	2329.02	3274.41	349.18	2759.65	0.0	34116.07	31057428.4
Camponotus_floridanus	99	14787	1245.25	2352.04	3395.37	380.29	2838.74	0.0	50300.38	34779604.39
Trachymyrmex_zeteki	100	14133	1402.02	2641.48	3826.62	507.74	3100.71	0.0	68063.08	37332061.08
Trachymyrmex_cornetzi	101	18242	1281.38	2361.57	3515.17	459.69	2756.06	0.0	66408.79	43079717.53
Papilio_machaon	102	15459	1349.68	2427.8	3322.55	477.15	2911.46	0.0	51495.85	37531355.65
Dufourea_novaeangliae	103	11329	1318.04	2502.14	3541.2	446.47	3010.9	0.0	47101.05	28346782.13
Drosophila_mojavensis	104	13031	1620.6	2817.64	3600.4	740.83	3310.87	0.0	51977.91	36716714.0
Drosophila_melanogaster	105	13569	1599.73	2857.77	3684.73	778.42	3317.46	0.0	54624.16	38777115.63
Anopheles_gambiae	106	12431	1646.11	2861.26	3592.86	734.09	3423.52	0.0	34980.25	35568366.76
Oryza_brachyantha	107	29715	1251.96	2112.59	2861.44	444.2	2558.83	0.0	53574.74	62775725.04
Branchiostoma_floridae	108	28355	1419.82	2551.05	3498.22	454.97	3152.22	0.0	53126.59	72335083.53
Taeniopygia_guttata	109	17234	1328.66	2532.34	3512.94	408.0	3093.59	0.0	68898.9	43642385.67
Nothobranchius_furzeri	110	26141	1437.04	2548.35	3376.65	545.22	3088.16	0.0	59493.86	66616309.17
Xiphophorus_maculatus	111	20014	1808.18	3065.74	3760.65	756.22	3775.02	0.0	55297.14	61357683.78
Oreochromis_niloticus	112	21206	1974.23	3284.71	3934.6	888.35	4084.56	0.0	61128.4	69655464.09
Gallus_gallus	113	19094	1617.4	2828.28	3626.87	616.65	3479.17	0.0	54276.96	54003157.8
Anas_platyrhynchos	114	14100	1520.75	2791.86	3671.94	541.85	3390.93	0.0	46673.32	39365205.2
Alligator_sinensis	115	17513	1804.37	3106.09	3717.04	746.28	3949.51	0.0	59310.97	54396927.75
Monodelphis_domestica	116	21094	1739.4	3125.87	3867.02	685.96	3941.18	0.0	60714.97	65937073.86
Macaca_mulatta	117	21163	1500.63	2707.53	3621.06	575.21	3268.87	0.0	67927.97	57299411.24
Ailuropoda_melanoleuca	118	18327	1729.48	3045.0	3698.84	696.48	3889.5	0.0	65882.27	55805801.58
Gorilla_gorilla	119	20465	1543.16	2763.47	3629.04	558.86	3413.07	0.0	66522.75	56554370.32
Equus_caballus	120	20332	1631.92	2967.16	3752.42	575.87	3797.35	0.0	54959.71	60328292.92
Cavia_porcellus	121	18193	1842.1	3215.6	3861.12	768.24	4112.51	0.0	54317.88	58501460.83
Canis_lupus	122	19952	1667.96	2982.39	3823.19	638.47	3684.42	0.0	66754.32	59504656.29
Erinaceus_europaeus	123	18636	1882.78	3282.19	3874.53	789.55	4248.72	0.0	59153.64	61166938.29
Heterocephalus_glaber	124	20789	1539.12	2767.02	3519.38	576.9	3514.73	0.0	106670.92	57523477.2
Tupaia_chinensis	125	19946	1378.84	2701.54	3573.78	466.78	3392.17	0.0	67699.55	53884890.22
Pan_troglodytes	126	18709	1632.72	2870.72	3662.84	643.08	3565.92	0.0	66497.54	53708218.33
Oryctolagus_cuniculus	127	19587	1737.93	3113.13	3809.52	700.82	3948.61	0.0	44721.86	60976824.9
Nomascus_leucogenys	128	17572	1594.64	2771.97	3520.87	629.24	3394.21	0.0	67452.12	48709067.94
Myotis_lucifugus	129	19395	1608.06	2816.88	3574.73	653.62	3442.38	0.0	65406.63	54633338.41
Mus_musculus	130	22056	1815.56	3297.85	3985.71	729.4	4250.25	0.0	61317.2	72737387.71
Coccomyxa_subellipsoidea	131	9763	1267.27	2156.82	2956.41	499.43	2499.25	0.0	50951.67	21057070.07
Chlorella_variabilis	132	9827	1258.52	2088.49	2702.77	532.38	2476.54	0.0	53389.11	20523545.42
Micromonas_pusilla	133	10222	1110.31	1884.04	2637.25	430.22	2229.23	0.0	45471.16	19258654.71
Micromonas_commoda	134	10089	1186.67	2079.18	3015.69	483.2	2408.72	0.0	72895.5	20976890.35
Ostreococcus_tauri	135	7456	1272.8	2197.4	3123.69	533.26	2485.65	0.0	51066.01	16383783.65
Ostreococcus_lucimarinus	136	7390	1123.68	1961.0	2910.36	437.39	2230.02	0.0	77363.66	14491818.56
Glycine_max	137	54136	1569.75	2476.41	3040.99	613.41	3087.0	0.0	57485.03	134062740.18
Cajanus_cajan	138	46761	1246.8	1991.15	2626.52	489.76	2456.16	0.0	46000.01	93108249.04
Phaseolus_vulgaris	139	28020	1595.57	2563.02	3163.31	610.24	3184.72	0.0	52006.81	71815950.52
Habropoda_laboriosa	140	12590	1250.01	2431.89	3521.46	399.0	2897.99	0.0	53807.92	30617530.46
Eutrema_salsugineum	141	26426	1566.63	2428.96	2974.81	638.21	3015.36	0.0	53395.45	64187580.35
Brassica_rapa	142	40767	1447.94	2334.56	3008.19	536.91	2885.62	0.0	52476.98	95172916.79
Brassica_napus	143	60038	1276.02	2052.95	2711.46	436.06	2573.19	0.0	53587.38	123255063.99
Arabidopsis_thaliana	144	27563	1580.53	2493.53	3052.8	653.21	3073.21	0.0	52046.96	68729239.0
Arabidopsis_lyrata	145	32049	1414.36	2274.05	2892.63	535.45	2825.36	0.0	37387.3	72881063.62
Daucus_carota	146	31523	1431.83	2363.84	3079.23	490.28	2926.91	0.0	47909.63	74515289.16
Agrilus_planipennis	147	11473	1775.75	3007.31	3740.94	781.31	3649.04	0.0	41163.11	34502913.71
Spinacia_oleracea	148	21253	1365.44	2286.62	3029.05	483.3	2800.02	0.0	46093.39	48597617.11
Larimichthys_crocea	149	12639	1727.87	2987.31	3726.96	692.14	3732.08	0.0	56169.26	37756585.74
Capsicum_annuum	150	30547	1546.39	2400.79	2926.44	634.83	2960.48	0.0	53647.42	73336977.03
Solanum_tuberosum	151	39053	1064.49	1806.51	2479.05	304.72	2253.31	0.0	28990.25	70549733.89
Solanum_lycopersicum	152	33761	1352.74	2205.04	2942.15	478.05	2725.76	0.0	79521.16	74444248.89
Prunus_persica	153	26845	1634.37	2563.3	3102.15	659.13	3230.68	0.0	53108.28	68811657.42
Zea_mays	154	39416	1450.42	2263.21	2822.98	550.94	2824.92	0.0	53301.94	89206839.59
Musa_acuminata	155	36426	1306.5	2143.02	2808.14	449.09	2683.32	0.0	40369.35	78061546.55
Gossypium_raimondii	156	38009	1535.86	2443.78	3042.57	595.58	3049.23	0.0	54000.95	92885656.92
Gossypium_arboreum	157	30420	755.2	1624.27	2621.49	68.67	1965.37	0.0	49135.67	49410270.78
Cucumis_sativus	158	23738	1377.92	2281.79	2959.42	490.75	2848.71	0.0	36371.28	54165208.44
Populus_trichocarpa	159	19872	1628.98	2537.67	3031.32	623.48	3185.99	0.0	46707.16	50428534.73
Citrus_sinensis	160	28132	1354.25	2152.62	2726.74	498.09	2701.89	0.0	52389.61	60557544.02
Citrus_clementina	161	24934	1642.28	2561.24	3048.13	652.42	3269.32	0.0	40600.86	63861839.99
Morus_notabilis	162	26760	1283.99	2177.61	2899.08	425.97	2749.01	0.0	65017.55	58272940.27
