Name	treepos	Nprot	Median	Mean	Std	Q1	Q3	Min	Max	Sum
Heterocephalus_glaber	1	20789	1539.12	2767.02	3519.38	576.9	3514.73	0.0	106670.92	57523477.2
Bos_taurus	2	21741	1787.36	3134.71	3785.64	746.88	3961.77	0.0	51718.31	68151772.4
Sus_scrofa	3	23148	1737.59	3133.53	3761.23	665.91	4146.99	0.0	52388.63	72534892.12
Pongo_abelii	4	21591	1493.13	2643.34	3444.6	564.02	3255.08	0.0	64032.77	57072362.74
Loxodonta_africana	5	19668	1944.16	3420.61	3841.59	803.64	4787.25	0.0	65324.0	67276460.06
Balaenoptera_acutorostrata	6	16371	1623.33	2792.67	3531.2	651.34	3432.49	0.0	35658.74	45718741.63
Delphinapterus_leucas	7	17290	1710.28	2933.82	3742.68	700.18	3562.76	0.0	66636.43	50725705.49
Tursiops_truncatus	8	17718	1498.21	2598.96	3419.05	586.21	3182.53	0.0	66936.9	46048443.33
Cavia_porcellus	9	18193	1842.1	3215.6	3861.12	768.24	4112.51	0.0	54317.88	58501460.83
Oryctolagus_cuniculus	10	19587	1737.93	3113.13	3809.52	700.82	3948.61	0.0	44721.86	60976824.9
Felis_catus	11	19510	1725.3	3040.54	3770.08	684.6	3799.42	0.0	66335.92	59320943.4
Ailuropoda_melanoleuca	12	18327	1729.48	3045.0	3698.84	696.48	3889.5	0.0	65882.27	55805801.58
Canis_lupus	13	19952	1667.96	2982.39	3823.19	638.47	3684.42	0.0	66754.32	59504656.29
Homo_sapiens	14	20868	1680.64	2954.64	3766.44	677.24	3629.58	0.0	67409.41	61657447.72
Pan_troglodytes	15	18709	1632.72	2870.72	3662.84	643.08	3565.92	0.0	66497.54	53708218.33
Pan_paniscus	16	20759	1524.7	2746.42	3640.41	581.53	3302.81	0.0	66951.05	57013006.4
Papio_anubis	17	21445	1527.48	2704.1	3598.53	592.8	3263.15	0.0	59241.8	57989462.8
Macaca_mulatta	18	21163	1500.63	2707.53	3621.06	575.21	3268.87	0.0	67927.97	57299411.24
Macaca_fascicularis	19	16613	1553.61	2765.4	3546.25	594.15	3405.96	0.0	67186.99	45941647.08
Macaca_nemestrina	20	20994	1551.39	2733.92	3617.97	608.28	3303.14	0.0	67577.98	57395897.28
Mandrillus_leucophaeus	21	20672	1487.87	2659.61	3561.95	573.68	3222.1	0.0	67038.93	54979497.77
Cercocebus_atys	22	20861	1554.59	2759.56	3646.51	606.55	3338.36	0.0	55754.98	57567177.81
Pteropus_alecto	23	18849	1474.72	2665.02	3513.87	510.27	3297.59	0.0	53545.58	50232906.97
Nomascus_leucogenys	24	17572	1594.64	2771.97	3520.87	629.24	3394.21	0.0	67452.12	48709067.94
Aotus_nancymaae	25	20227	1567.2	2714.23	3592.23	610.15	3286.65	0.0	68421.14	54900824.98
Ursus_maritimus	26	16959	1795.79	3110.47	3601.85	734.08	4042.81	0.0	43249.66	52750440.69
Rattus_norvegicus	27	21490	1780.6	3209.14	3873.09	701.39	4144.22	0.0	57855.37	68964515.46
Mus_musculus	28	22056	1815.56	3297.85	3985.71	729.4	4250.25	0.0	61317.2	72737387.71
Meleagris_gallopavo	29	13182	1696.21	2934.28	3687.67	695.24	3607.17	0.0	43441.38	38679648.01
Gallus_gallus	30	19094	1617.4	2828.28	3626.87	616.65	3479.17	0.0	54276.96	54003157.8
Anas_platyrhynchos	31	14100	1520.75	2791.86	3671.94	541.85	3390.93	0.0	46673.32	39365205.2
Manacus_vitellinus	32	12681	1322.48	2433.41	3328.89	443.46	2968.66	0.0	64283.18	30858048.76
Anolis_carolinensis	33	18461	1629.71	2878.72	3687.87	643.42	3550.54	0.0	65625.13	53144041.4
Alligator_mississippiensis	34	24337	1165.01	2303.04	3394.21	359.62	2736.44	0.0	58795.16	56049058.98
Alligator_sinensis	35	17513	1804.37	3106.09	3717.04	746.28	3949.51	0.0	59310.97	54396927.75
Xenopus_tropicalis	36	23806	1616.54	3099.1	4015.46	588.05	3744.02	0.0	64306.0	73777254.06
Nothobranchius_furzeri	37	26141	1437.04	2548.35	3376.65	545.22	3088.16	0.0	59493.86	66616309.17
Oryzias_latipes	38	23614	1863.51	3071.06	3659.53	811.37	3865.11	0.0	60893.74	72519997.65
Salmo_salar	39	47402	1584.06	2742.93	3537.33	593.41	3386.86	0.0	64189.05	130020553.75
Oncorhynchus_mykiss	40	44000	1255.99	2110.34	2759.65	450.98	2624.14	0.0	63044.14	92854802.99
Oreochromis_niloticus	41	21206	1974.23	3284.71	3934.6	888.35	4084.56	0.0	61128.4	69655464.09
Astyanax_mexicanus	42	26649	1797.38	3005.76	3674.29	747.63	3711.67	0.0	55835.07	80100406.93
Taeniopygia_guttata	43	17234	1328.66	2532.34	3512.94	408.0	3093.59	0.0	68898.9	43642385.67
Branchiostoma_floridae	44	28355	1419.82	2551.05	3498.22	454.97	3152.22	0.0	53126.59	72335083.53
Strongylocentrotus_purpuratus	45	28196	1579.72	2737.74	3467.89	597.07	3401.71	0.0	64400.01	77193201.35
Crassostrea_gigas	46	25905	1371.85	2448.81	3423.78	495.92	2860.47	0.0	81471.8	63436376.69
Cebus_capucinus	47	20170	1549.81	2727.97	3641.71	603.33	3308.37	0.0	68072.92	55023129.43
Tinamus_guttatus	48	13335	1197.22	2329.02	3274.41	349.18	2759.65	0.0	34116.07	31057428.4
Loa_loa	49	11884	1380.44	2349.59	3249.6	468.2	2894.31	0.0	76691.58	27922546.89
Strongyloides_ratti	50	9944	1905.49	3176.55	3769.0	884.69	3846.3	0.0	41166.12	31587655.11
Brugia_malayi	51	10661	1641.46	2799.19	3681.0	640.78	3362.05	0.0	53788.52	29842196.55
Caenorhabditis_elegans	52	19899	1749.01	3179.27	3630.15	894.69	3879.16	0.0	49533.84	63264372.15
Caenorhabditis_remanei	53	31104	1660.21	2817.82	3365.69	750.35	3359.86	0.0	39368.78	87645378.14
Zootermopsis_nevadensis	54	14341	1251.99	2372.26	3252.89	404.74	2817.68	0.0	48233.58	34020536.8
Oryza_brachyantha	55	29715	1251.96	2112.59	2861.44	444.2	2558.83	0.0	53574.74	62775725.04
Capsaspora_owczarzaki	56	8738	1973.86	3217.62	3894.78	865.86	4064.23	0.0	71739.62	28115536.21
Guillardia_theta	57	24566	1122.22	2129.41	3508.68	349.48	2366.48	0.0	79732.41	52311145.29
Auxenochlorella_protothecoides	58	6976	1150.99	2019.7	2827.78	391.43	2458.11	0.0	62589.01	14089440.99
Micromonas_pusilla	59	10222	1110.31	1884.04	2637.25	430.22	2229.23	0.0	45471.16	19258654.71
Micromonas_commoda	60	10089	1186.67	2079.18	3015.69	483.2	2408.72	0.0	72895.5	20976890.35
Ostreococcus_tauri	61	7456	1272.8	2197.4	3123.69	533.26	2485.65	0.0	51066.01	16383783.65
Ostreococcus_sp	62	7403	1124.42	1960.55	2908.26	437.6	2229.09	0.0	77363.66	14513970.51
Physcomitrella_patens	63	30851	1170.72	1998.63	2814.55	395.01	2432.17	0.0	51174.82	61659706.18
Selaginella_moellendorffii	64	32881	1657.94	2565.4	3063.31	771.62	3123.41	0.0	53170.18	84353072.04
Habropoda_laboriosa	65	12590	1250.01	2431.89	3521.46	399.0	2897.99	0.0	53807.92	30617530.46
Cicer_arietinum	66	23934	1716.15	2670.89	3208.32	691.6	3313.28	0.0	51595.2	63924993.46
Cajanus_cajan	67	46761	1246.8	1991.15	2626.52	489.76	2456.16	0.0	46000.01	93108249.04
Eutrema_salsugineum	68	26426	1566.63	2428.96	2974.81	638.21	3015.36	0.0	53395.45	64187580.35
Arabidopsis_lyrata	69	32049	1414.36	2274.05	2892.63	535.45	2825.36	0.0	37387.3	72881063.62
Brassica_napus	70	60038	1276.02	2052.95	2711.46	436.06	2573.19	0.0	53587.38	123255063.99
Arabidopsis_thaliana	71	27563	1580.53	2493.53	3052.8	653.21	3073.21	0.0	52046.96	68729239.0
Rosa_chinensis	72	45026	1326.63	2119.16	2695.81	511.19	2663.77	0.0	53612.28	95417502.57
Prunus_persica	73	26845	1634.37	2563.3	3102.15	659.13	3230.68	0.0	53108.28	68811657.42
Populus_trichocarpa	74	40840	1447.94	2303.08	2878.36	567.42	2900.28	0.0	51440.82	94057597.02
Eucalyptus_grandis	75	36664	1505.28	2416.32	2973.27	572.7	3076.29	0.0	54388.37	88591849.26
Cucumis_sativus	76	23738	1377.92	2281.79	2959.42	490.75	2848.71	0.0	36371.28	54165208.44
Helianthus_annuus	77	51232	1432.94	2278.36	2888.87	558.44	2851.07	0.0	54758.52	116724859.48
Erythranthe_guttata	78	27703	1475.86	2338.79	2935.13	563.79	2915.39	0.0	44793.96	64791593.74
Nicotiana_attenuata	79	32742	1314.62	2194.46	2906.3	443.42	2708.29	0.0	44072.19	71850904.17
Solanum_tuberosum	80	39053	1064.49	1806.51	2479.05	304.72	2253.31	0.0	28990.25	70549733.89
Nicotiana_tabacum	81	60503	1479.2	2287.19	2785.73	584.18	2837.35	0.0	44445.64	138382008.33
Solanum_lycopersicum	82	33761	1352.74	2205.04	2942.15	478.05	2725.76	0.0	79521.16	74444248.89
Capsicum_annuum	83	30547	1546.39	2400.79	2926.44	634.83	2960.48	0.0	53647.42	73336977.03
Spinacia_oleracea	84	21253	1365.44	2286.62	3029.05	483.3	2800.02	0.0	46093.39	48597617.11
Gossypium_hirsutum	85	60176	1603.49	2481.59	3019.24	647.11	3073.24	0.0	54843.3	149332440.1
Gossypium_raimondii	86	38009	1535.86	2443.78	3042.57	595.58	3049.23	0.0	54000.95	92885656.92
Morus_notabilis	87	26760	1283.99	2177.61	2899.08	425.97	2749.01	0.0	65017.55	58272940.27
Citrus_clementina	88	24934	1642.28	2561.24	3048.13	652.42	3269.32	0.0	40600.86	63861839.99
Citrus_sinensis	89	28132	1354.25	2152.62	2726.74	498.09	2701.89	0.0	52389.61	60557544.02
Musa_acuminata	90	36426	1306.5	2143.02	2808.14	449.09	2683.32	0.0	40369.35	78061546.55
Setaria_italica	91	34386	1452.54	2315.19	2959.54	547.53	2835.59	0.0	53829.23	79610249.35
Sorghum_bicolor	92	34014	1410.08	2263.89	2930.36	531.04	2777.12	0.0	54074.48	77004091.43
Zea_mays	93	39416	1450.42	2263.21	2822.98	550.94	2824.92	0.0	53301.94	89206839.59
Oryza_sativa	94	43573	1019.79	1759.65	2454.82	275.32	2196.05	0.0	40093.8	76673033.98
Brachypodium_distachyon	95	34230	1348.31	2163.78	2843.11	484.47	2665.38	0.0	55380.57	74066262.97
Cyanidioschyzon_merolae	96	4994	1697.06	2624.83	3010.73	798.24	3237.32	0.0	29452.71	13108382.67
Emiliania_huxleyi	97	35667	993.44	1765.8	2503.18	336.83	2057.68	0.0	51082.98	62980951.18
Physeter_catodon	98	17584	1692.81	2928.71	3754.32	700.56	3562.12	0.0	66659.36	51498443.69
Theileria_parva	99	4068	1929.7	3169.43	4015.39	815.79	3764.96	0.0	46646.72	12893255.0
Theileria_annulata	100	3789	2364.68	3835.85	4773.51	1047.01	4467.99	0.0	47465.33	14534041.28
Theileria_equi	101	5311	2003.02	3193.96	3974.34	920.55	3719.24	0.0	35561.64	16963098.78
Cryptosporidium_muris	102	3924	2263.82	4026.76	5388.33	939.49	4842.73	0.0	83666.58	15801015.85
Cryptosporidium_parvum	103	3762	2197.22	3820.88	5203.88	911.51	4567.45	0.0	82814.84	14374133.24
Thalassiosira_pseudonana	104	11717	1514.33	2388.23	2918.51	671.41	2811.06	0.0	41783.06	27982893.36
Phytophthora_parasitica	105	21579	1075.18	2240.44	3568.81	308.93	2483.51	0.0	64523.28	48346501.48
Phytophthora_infestans	106	17609	1306.16	2449.49	3548.49	529.5	2758.47	0.0	65401.7	43133040.93
Aphanomyces_invadans	107	15212	1502.5	2903.34	4329.58	593.6	3317.63	0.0	89791.42	44165641.12
Aphanomyces_astaci	108	19020	1438.31	2704.84	4108.88	558.79	3026.91	0.0	85179.24	51446071.48
Lobosporangium_transversale	109	11588	1489.4	2474.64	3252.54	629.97	2867.35	0.0	34241.17	28676096.24
Batrachochytrium_dendrobatidis	110	8610	1544.14	2560.33	3299.0	680.96	2989.75	0.0	39140.64	22044413.42
Rhizophagus_irregularis	111	40820	1260.67	2072.39	2780.54	435.92	2613.11	0.0	50159.81	84595048.06
Helobdella_robusta	112	23294	1322.8	2201.05	2934.22	497.13	2687.1	0.0	37864.64	51271193.72
Phycomyces_blakesleeanus	113	16154	1417.46	2259.89	2891.27	601.67	2713.04	0.0	33626.38	36506190.27
Wallemia_ichthyophaga	114	4836	1310.37	2389.24	3199.94	524.22	2739.13	0.0	27076.81	11554369.1
Malassezia_pachydermatis	115	4192	1439.01	2500.25	3415.98	580.04	2965.79	0.0	64196.06	10481060.98
Malassezia_globosa	116	4267	1366.69	2293.4	2981.0	516.97	2778.39	0.0	31899.0	9785920.74
Pseudozyma_hubeiensis	117	7468	1341.92	2447.83	3361.74	505.38	2773.12	0.0	30960.61	18280384.73
Kalmanozyma_brasiliensis	118	5758	1519.73	2649.1	3405.04	634.17	3066.43	0.0	32463.1	15253535.47
Kockovaella_imperatae	119	7388	1408.83	2497.51	3325.83	547.98	2879.19	0.0	34416.06	18451584.71
Cryptococcus_neoformans	120	6596	1490.44	2647.91	3438.13	628.37	3056.11	0.0	33328.71	17465627.8
Cryptococcus_gattii	121	6471	1358.3	2408.51	3217.67	535.02	2817.08	0.0	33141.24	15585476.27
Mixia_osmundae	122	6725	1592.03	2640.74	3325.48	630.88	3146.69	0.0	28852.45	17758960.08
Rhodotorula_graminis	123	7225	1381.87	2445.81	3217.05	560.55	2821.08	0.0	32983.99	17670980.33
Melampsora_larici-populina	124	16237	1085.39	1743.49	2382.67	385.86	2094.06	0.0	35649.04	28309108.53
Heterobasidion_irregulare	125	13148	1195.03	2082.8	2821.78	391.4	2485.24	0.0	34447.9	27384629.01
Dictyostelium_purpureum	126	12346	1766.64	2966.61	3737.4	733.87	3574.54	0.0	56675.52	36625779.03
Postia_placenta	127	12515	1412.01	2371.54	3003.19	561.17	2872.15	0.0	27625.38	29679762.98
Schizosaccharomyces_japonicus	128	4852	1532.88	2744.02	3692.65	611.46	3194.18	0.0	33402.62	13313969.3
Pneumocystis_jirovecii	129	3746	1840.4	2954.96	3738.97	756.92	3599.91	0.0	43336.26	11069284.03
Pneumocystis_murina	130	3634	1798.01	2981.8	3863.08	728.02	3619.89	0.0	42362.97	10835849.39
Tuber_melanosporum	131	7442	1340.33	2276.88	2987.2	517.24	2728.81	0.0	37292.85	16944564.6
Marssonina_brunnea	132	10037	1522.33	2555.62	3243.28	659.09	3012.26	0.0	36349.23	25650788.45
Sclerotinia_sclerotiorum	133	14445	978.38	1861.78	2784.13	258.04	2155.82	0.0	33641.67	26893396.67
Leptosphaeria_maculans	134	12608	1149.72	2152.97	3080.54	357.76	2506.01	0.0	38253.57	27144602.81
Bipolaris_zeicola	135	12837	1275.98	2362.7	3261.59	480.16	2677.46	0.0	37245.93	30329939.21
Parastagonospora_nodorum	136	15998	1108.64	2043.13	2962.23	344.72	2328.38	0.0	38971.04	32686071.62
Fonsecaea_erecta	137	12089	1638.07	2866.73	3555.47	725.45	3352.23	0.0	36617.78	34655924.06
Coccidioides_immitis	138	9587	1211.73	2224.12	3126.95	463.81	2530.04	0.0	38034.49	21322649.85
Uncinocarpus_reesii	139	7760	1391.1	2400.24	3187.53	541.67	2799.13	0.0	34219.26	18625884.1
Trichophyton_benhamiae	140	7976	1621.65	2664.24	3368.69	691.71	3134.04	0.0	42052.77	21250001.39
Nannizzia_gypsea	141	8921	1416.05	2536.51	3417.63	574.66	2904.46	0.0	49241.43	22628181.24
Microsporum_canis	142	8764	1493.24	2583.25	3381.34	639.23	2984.98	0.0	42532.84	22639636.07
Talaromyces_stipitatus	143	12446	1592.54	2802.47	3548.8	689.83	3292.8	0.0	38700.64	34879547.06
Aspergillus_terreus	144	10416	1697.56	2947.0	3606.79	774.65	3446.91	0.0	34827.3	30695904.24
Aspergillus_clavatus	145	9135	1549.99	2776.93	3632.2	659.99	3170.28	0.0	46690.38	25367283.42
Aspergillus_fumigatus	146	9647	1641.04	2846.83	3589.26	721.67	3255.19	0.0	51270.58	27463399.09
Aspergillus_thermomutatus	147	9702	1718.48	3053.66	3793.85	772.95	3517.98	0.0	34283.86	29626599.27
Aspergillus_novofumigatus	148	11478	1533.16	2695.0	3468.69	651.14	3079.27	0.0	35829.88	30933154.96
Aspergillus_niger	149	10372	1807.07	3257.83	3990.24	844.67	3800.43	0.0	39665.31	33790235.44
Aspergillus_sclerotioniger	150	12304	1595.82	2850.72	3677.02	697.04	3218.38	0.0	52449.19	35075237.01
Aspergillus_heteromorphus	151	10837	1492.46	2716.91	3635.49	606.56	3083.5	0.0	46721.68	29443122.22
Aspergillus_eucalypticola	152	11883	1583.15	2862.51	3682.69	676.44	3265.73	0.0	35387.47	34015209.26
Aspergillus_oryzae	153	11421	1792.93	3287.15	4057.44	848.25	3802.93	0.0	46441.2	37542593.51
Aspergillus_nomius	154	11914	1732.98	3128.63	3847.06	835.42	3581.33	0.0	39907.84	37274542.24
Pestalotiopsis_fici	155	15412	1722.34	2947.88	3556.21	808.62	3432.03	0.0	48817.11	45432801.12
Aspergillus_bombycis	156	12265	1732.81	3109.52	3809.93	826.06	3566.0	0.0	43348.02	38138316.05
Histoplasma_capsulatum	157	9251	1215.94	2075.12	2705.33	446.26	2590.73	0.0	31888.58	19196936.14
Blastomyces_gilchristii	158	9690	1253.51	2195.39	3022.73	443.88	2577.24	0.0	36430.84	21273341.07
Paracoccidioides_brasiliensis	159	8399	1256.26	2275.84	3141.78	433.2	2724.51	0.0	36744.2	19114818.3
Paracoccidioides_lutzii	160	8811	1207.99	2203.59	3070.67	427.8	2611.52	0.0	36126.69	19415812.0
Sordaria_macrospora	161	9838	1412.11	2387.17	3126.47	556.87	2783.71	0.0	36015.13	23484993.33
Neurospora_crassa	162	9759	1398.19	2413.19	3201.66	556.76	2806.7	0.0	35387.66	23550313.83
Thermothelomyces_thermophila	163	9079	1361.22	2367.51	3195.76	542.82	2717.95	0.0	36790.85	21494630.36
Chaetomium_globosum	164	11039	1427.26	2373.97	3068.42	554.52	2870.17	0.0	46951.59	26206249.68
Chaetomium_thermophilum	165	7174	1566.24	2625.88	3312.47	660.5	3114.11	0.0	35766.64	18838095.8
Thielavia_terrestris	166	9760	1421.04	2417.94	3193.24	558.31	2806.46	0.0	37068.45	23599118.56
Grosmannia_clavigera	167	8311	1723.02	2916.42	3547.26	764.63	3450.47	0.0	35187.39	24238363.21
Pochonia_chlamydosporia	168	14133	1493.4	2696.07	3579.21	660.49	3039.63	0.0	54725.57	38103526.04
Trichoderma_atroviride	169	11769	1484.72	2619.5	3382.88	647.74	2984.41	0.0	36109.79	30828934.83
Trichoderma_reesei	170	9110	1553.93	2707.72	3574.92	690.18	3066.48	0.0	96882.67	24667329.58
Trichoderma_virens	171	12382	1581.5	2731.62	3607.58	715.74	3115.54	0.0	95205.27	33822956.99
Fusarium_venenatum	172	13945	1537.2	2727.45	3547.76	655.81	3133.14	0.0	66906.0	38034314.39
Fusarium_graminearum	173	14160	1440.97	2616.29	3518.43	573.54	2976.58	0.0	63055.62	37046725.19
Fusarium_oxysporum	174	16631	1514.1	2734.73	3546.95	649.29	3110.67	0.0	43252.69	45481281.15
Fusarium_verticillioides	175	15889	1503.31	2687.15	3479.61	635.65	3051.18	0.0	41497.47	42696134.93
Colletotrichum_higginsianum	176	13870	1142.61	2117.72	2980.67	379.6	2422.92	0.0	37091.61	29372774.97
Colletotrichum_graminicola	177	12019	1488.75	2666.8	3578.45	621.17	3037.16	0.0	89432.16	32052278.49
Colletotrichum_orchidophilum	178	14495	1418.01	2521.43	3450.78	558.24	2856.73	0.0	100306.17	36548114.96
Verticillium_dahliae	179	10530	1466.05	2549.89	3282.36	625.22	2941.47	0.0	35537.52	26850348.77
Verticillium_alfalfae	180	10233	1338.67	2347.45	3056.1	524.64	2726.07	0.0	24844.66	24021470.94
Amborella_trichopoda	181	27360	1028.95	1832.65	2646.85	277.01	2255.6	0.0	56461.12	50141224.94
Baudoinia_panamericana	182	10508	1127.62	2159.14	3102.83	382.27	2462.05	0.0	37380.82	22688210.74
Zymoseptoria_tritici	183	10972	1281.14	2338.67	3238.74	514.94	2595.18	0.0	36631.48	25659879.43
Lucilia_cuprina	184	14328	1533.33	2759.35	4016.13	646.24	3214.61	0.0	69889.99	39535919.04
Candida_auris	185	5407	1630.32	2979.92	3814.67	669.61	3495.2	0.0	34163.34	16112422.16
Candida_haemulonis	186	5240	1690.74	3141.61	4083.77	697.39	3683.15	0.0	37803.81	16462039.0
Candida_pseudohaemulonis	187	5132	1830.34	3391.38	4227.23	804.93	4069.28	0.0	34646.06	17404563.43
Clavispora_lusitaniae	188	5932	1656.07	2762.79	3328.9	727.07	3322.14	0.0	32667.71	16388850.53
Metschnikowia_bicuspidata	189	5823	1619.39	2806.82	3570.56	694.03	3295.88	0.0	34556.96	16344100.28
Scheffersomyces_stipitis	190	5797	1734.15	3159.89	3956.62	776.01	3700.08	0.0	35228.89	18317882.68
Meyerozyma_guilliermondii	191	5919	1738.3	2983.58	3624.52	746.96	3579.18	0.0	35376.06	17659827.08
Talaromyces_marneffei	192	10011	1708.35	2943.48	3671.03	771.33	3440.02	0.0	56516.75	29467158.3
Candida_albicans	193	5983	1718.44	2995.61	3757.49	728.3	3526.53	0.0	34466.66	17922741.42
Candida_viswanathii	194	10576	1708.71	3089.09	3942.39	706.75	3611.61	0.0	34063.19	32670258.62
Candida_tropicalis	195	6226	1762.33	3028.75	3725.07	775.55	3584.36	0.0	34619.04	18856992.44
Lodderomyces_elongisporus	196	5779	1776.85	2990.93	3629.93	746.8	3664.49	0.0	35640.89	17284582.68
Spathaspora_passalidarum	197	5972	1562.11	2804.59	3629.08	651.05	3270.91	0.0	34136.95	16749005.81
Wickerhamomyces_anomalus	198	6406	1566.48	2927.82	3885.87	622.9	3297.37	0.0	35010.43	18755604.85
Tetrapisispora_blattae	199	5361	1708.86	3028.47	3796.75	743.68	3631.79	0.0	35270.94	16235617.19
Vanderwaltozyma_polyspora	200	5306	1601.87	2850.78	4115.36	646.83	3303.94	0.0	95435.92	15126255.35
Tetrapisispora_phaffii	201	5226	1710.01	2991.36	3881.8	717.05	3575.7	0.0	37161.58	15632850.29
Kluyveromyces_marxianus	202	4925	1638.9	2951.27	3782.85	676.57	3475.7	0.0	32725.34	14535024.24
Eremothecium_sinecaudum	203	4524	1596.32	2776.61	3579.42	670.57	3344.04	0.0	35627.45	12561365.14
Eremothecium_cymbalariae	204	4428	1611.8	2776.79	3545.54	681.11	3343.48	0.0	34349.0	12295615.6
Eremothecium_gossypii	205	4758	1583.72	2775.86	3571.03	653.31	3294.8	0.0	33771.78	13207556.39
Lachancea_thermotolerans	206	5093	1571.4	2815.04	3650.26	643.48	3281.04	0.0	30796.11	14336986.25
Lachancea_lanzarotensis	207	5055	1592.71	2822.79	3619.54	657.69	3320.06	0.0	33521.72	14269207.77
Naumovozyma_dairenensis	208	5473	1668.79	2868.05	3643.92	704.0	3453.1	0.0	32646.59	15696816.41
Kazachstania_naganishii	209	5254	1634.59	2849.34	3691.22	657.59	3349.33	0.0	33711.27	14970436.74
Kazachstania_africana	210	5344	1640.72	2885.49	3703.79	691.43	3447.5	0.0	34364.72	15420043.25
Saccharomyces_cerevisiae	211	6049	1608.59	2843.82	3702.15	659.78	3311.37	0.0	33941.69	17202296.07
Drosophila_ficusphila	212	14697	1561.76	2757.35	3534.1	739.49	3183.54	0.0	48798.2	40524781.9
Naumovozyma_castellii	213	5560	1639.65	2834.79	3656.89	673.19	3345.54	0.0	33376.99	15761460.12
Kuraishia_capsulata	214	6020	1596.84	2941.99	3798.12	671.39	3443.95	0.0	32556.74	17710755.98
Ogataea_parapolymorpha	215	5338	1649.8	2941.07	3734.88	701.65	3418.08	0.0	34463.43	15699419.38
Dipodomys_ordii	216	19102	1807.01	3228.45	3923.19	734.99	4140.19	0.0	63266.29	61669851.49
