Name	treepos	Nprot	Median	Mean	Std	Q1	Q3	Min	Max	Sum
Heterocephalus_glaber	1	21445	-0.36	-0.32	0.48	-0.6	-0.1	-3.63	2.5	-6776.28
Bos_taurus	2	22005	-0.34	-0.31	0.45	-0.58	-0.1	-2.26	1.88	-6732.05
Sus_scrofa	3	23229	-0.33	-0.27	0.48	-0.56	-0.06	-2.77	2.35	-6276.59
Pongo_abelii	4	21999	-0.36	-0.35	0.43	-0.6	-0.13	-3.83	2.64	-7675.05
Loxodonta_africana	5	20020	-0.32	-0.24	0.5	-0.56	-0.04	-3.35	3.05	-4829.75
Balaenoptera_acutorostrata	6	18307	-0.38	-0.37	0.39	-0.6	-0.16	-2.45	1.54	-6710.26
Delphinapterus_leucas	7	18472	-0.38	-0.36	0.39	-0.6	-0.16	-2.41	1.75	-6729.53
Tursiops_truncatus	8	18888	-0.38	-0.37	0.39	-0.61	-0.16	-2.34	1.5	-6990.18
Cavia_porcellus	9	18254	-0.33	-0.29	0.44	-0.56	-0.1	-2.96	2.7	-5381.18
Oryctolagus_cuniculus	10	19904	-0.34	-0.31	0.44	-0.57	-0.1	-2.64	1.68	-6152.65
Felis_catus	11	19515	-0.35	-0.32	0.44	-0.58	-0.12	-2.65	2.61	-6241.81
Ailuropoda_melanoleuca	12	19344	-0.35	-0.32	0.44	-0.59	-0.11	-3.46	1.53	-6157.18
Canis_lupus	13	20271	-0.37	-0.35	0.46	-0.61	-0.13	-3.74	2.4	-7020.14
Homo_sapiens	14	21074	-0.36	-0.34	0.43	-0.6	-0.13	-3.43	2.61	-7179.11
Pan_troglodytes	15	23008	-0.36	-0.34	0.42	-0.6	-0.13	-2.65	2.61	-7899.76
Pan_paniscus	16	21221	-0.36	-0.34	0.42	-0.6	-0.13	-2.65	2.61	-7306.18
Papio_anubis	17	21568	-0.36	-0.35	0.41	-0.6	-0.13	-2.65	2.61	-7460.61
Macaca_mulatta	18	21211	-0.36	-0.35	0.42	-0.6	-0.13	-2.52	2.64	-7319.37
Macaca_fascicularis	19	17395	-0.36	-0.34	0.46	-0.6	-0.13	-4.2	3.11	-5989.27
Macaca_nemestrina	20	21022	-0.36	-0.35	0.41	-0.6	-0.14	-2.65	2.61	-7303.79
Mandrillus_leucophaeus	21	20780	-0.36	-0.35	0.41	-0.6	-0.13	-2.65	2.61	-7219.95
Cercocebus_atys	22	20883	-0.36	-0.35	0.41	-0.6	-0.14	-2.65	2.61	-7310.93
Pteropus_alecto	23	19520	-0.37	-0.35	0.41	-0.6	-0.15	-3.33	2.13	-6807.15
Nomascus_leucogenys	24	20762	-0.37	-0.35	0.41	-0.6	-0.14	-2.65	2.61	-7313.64
Aotus_nancymaae	25	20372	-0.37	-0.36	0.4	-0.6	-0.15	-2.65	2.61	-7394.09
Ursus_maritimus	26	19366	-0.34	-0.29	0.46	-0.58	-0.1	-2.49	2.31	-5696.23
Rattus_norvegicus	27	21662	-0.34	-0.3	0.48	-0.58	-0.08	-3.72	3.14	-6428.52
Mus_musculus	28	22286	-0.33	-0.29	0.48	-0.58	-0.07	-4.39	3.06	-6431.8
Meleagris_gallopavo	29	14166	-0.36	-0.35	0.4	-0.58	-0.14	-2.25	1.74	-4888.35
Gallus_gallus	30	19120	-0.36	-0.35	0.42	-0.58	-0.13	-4.45	3.09	-6636.27
Anas_platyrhynchos	31	15659	-0.36	-0.35	0.44	-0.6	-0.13	-4.01	1.71	-5420.62
Manacus_vitellinus	32	12707	-0.36	-0.35	0.46	-0.6	-0.13	-3.27	2.18	-4463.8
Anolis_carolinensis	33	18528	-0.38	-0.38	0.44	-0.62	-0.16	-3.5	2.15	-7063.16
Alligator_mississippiensis	34	24656	-0.37	-0.35	0.4	-0.6	-0.14	-2.34	2.64	-8732.34
Alligator_sinensis	35	18578	-0.36	-0.33	0.43	-0.59	-0.13	-2.26	1.5	-6050.29
Xenopus_tropicalis	36	24182	-0.34	-0.31	0.45	-0.58	-0.1	-2.54	2.25	-7498.38
Nothobranchius_furzeri	37	26141	-0.38	-0.37	0.4	-0.62	-0.16	-3.42	3.42	-9679.32
Oryzias_latipes	38	23617	-0.35	-0.34	0.4	-0.59	-0.14	-2.74	2.11	-8069.96
Salmo_salar	39	47720	-0.4	-0.39	0.42	-0.65	-0.17	-3.58	2.38	-18671.61
Oncorhynchus_mykiss	40	46447	-0.35	-0.34	0.41	-0.6	-0.11	-2.76	1.92	-15892.46
Oreochromis_niloticus	41	21436	-0.36	-0.35	0.4	-0.59	-0.15	-3.2	2.98	-7408.42
Astyanax_mexicanus	42	26659	-0.35	-0.34	0.43	-0.59	-0.12	-3.73	2.58	-8973.15
Taeniopygia_guttata	43	17429	-0.36	-0.35	0.47	-0.61	-0.12	-4.03	2.94	-6160.12
Branchiostoma_floridae	44	28542	-0.38	-0.38	0.44	-0.62	-0.16	-3.46	2.57	-10839.39
Strongylocentrotus_purpuratus	45	28594	-0.36	-0.35	0.42	-0.58	-0.13	-2.95	2.96	-10065.85
Crassostrea_gigas	46	25982	-0.41	-0.41	0.39	-0.64	-0.19	-2.38	2.05	-10609.19
Cebus_capucinus	47	20237	-0.37	-0.36	0.4	-0.6	-0.15	-2.65	2.61	-7346.39
Tinamus_guttatus	48	13377	-0.38	-0.37	0.48	-0.62	-0.14	-3.86	2.46	-4908.96
Loa_loa	49	12173	-0.38	-0.37	0.53	-0.62	-0.16	-4.25	4.45	-4462.14
Strongyloides_ratti	50	9956	-0.38	-0.38	0.4	-0.61	-0.18	-2.64	1.4	-3749.63
Brugia_malayi	51	10678	-0.33	-0.32	0.44	-0.57	-0.1	-2.95	3.15	-3368.93
Caenorhabditis_elegans	52	20008	-0.3	-0.27	0.48	-0.56	-0.03	-2.84	2.28	-5308.6
Caenorhabditis_remanei	53	31243	-0.34	-0.32	0.46	-0.58	-0.1	-3.39	2.54	-10019.97
Zootermopsis_nevadensis	54	14539	-0.35	-0.34	0.43	-0.61	-0.1	-3.33	3.3	-4954.39
Oryza_brachyantha	55	31989	-0.24	-0.24	0.42	-0.5	-0.01	-4.5	2.85	-7824.2
Capsaspora_owczarzaki	56	8738	-0.21	-0.22	0.34	-0.42	-0.03	-2.01	2.31	-1925.74
Guillardia_theta	57	24567	-0.37	-0.38	0.4	-0.62	-0.15	-3.34	2.31	-9384.28
Auxenochlorella_protothecoides	58	6999	-0.16	-0.16	0.35	-0.35	0.04	-1.85	1.24	-1100.49
Micromonas_pusilla	59	10246	-0.32	-0.33	0.37	-0.54	-0.12	-2.49	1.71	-3376.57
Micromonas_commoda	60	10089	-0.32	-0.33	0.37	-0.54	-0.12	-2.32	1.65	-3296.72
Ostreococcus_tauri	61	7743	-0.34	-0.33	0.35	-0.53	-0.15	-2.14	1.62	-2580.42
Ostreococcus_sp	62	7403	-0.3	-0.3	0.36	-0.5	-0.11	-2.25	1.31	-2195.08
Physcomitrella_patens	63	30857	-0.26	-0.24	0.42	-0.5	-0.02	-3.57	2.29	-7541.46
Selaginella_moellendorffii	64	33131	-0.21	-0.22	0.35	-0.4	-0.02	-2.37	2.73	-7248.39
Habropoda_laboriosa	65	12781	-0.42	-0.42	0.44	-0.69	-0.18	-3.87	1.81	-5413.49
Cicer_arietinum	66	24569	-0.3	-0.31	0.39	-0.55	-0.09	-2.43	3.53	-7567.63
Cajanus_cajan	67	47180	-0.26	-0.26	0.37	-0.48	-0.06	-2.22	1.75	-12211.75
Eutrema_salsugineum	68	26426	-0.3	-0.31	0.38	-0.55	-0.1	-2.09	1.76	-8222.9
Arabidopsis_lyrata	69	32097	-0.29	-0.3	0.42	-0.55	-0.07	-3.85	2.71	-9647.24
Brassica_napus	70	60180	-0.29	-0.3	0.42	-0.55	-0.07	-2.62	2.19	-17827.22
Arabidopsis_thaliana	71	27623	-0.29	-0.3	0.4	-0.54	-0.09	-2.84	2.19	-8291.46
Rosa_chinensis	72	45026	-0.19	-0.18	0.44	-0.44	0.04	-2.68	2.8	-8075.85
Prunus_persica	73	26849	-0.25	-0.26	0.4	-0.5	-0.05	-2.57	1.97	-7004.23
Populus_trichocarpa	74	40980	-0.25	-0.26	0.4	-0.5	-0.05	-2.71	1.86	-10645.17
Eucalyptus_grandis	75	36664	-0.23	-0.24	0.38	-0.46	-0.03	-2.21	2.19	-8862.91
Cucumis_sativus	76	23744	-0.28	-0.29	0.44	-0.54	-0.06	-3.74	2.17	-6973.0
Helianthus_annuus	77	51240	-0.24	-0.24	0.41	-0.48	-0.02	-2.5	3.48	-12089.99
Erythranthe_guttata	78	27703	-0.27	-0.28	0.39	-0.5	-0.07	-2.69	1.92	-7655.45
Nicotiana_attenuata	79	32840	-0.31	-0.32	0.39	-0.57	-0.09	-2.28	1.44	-10535.43
Solanum_tuberosum	80	39133	-0.32	-0.34	0.41	-0.6	-0.1	-3.19	2.31	-13357.89
Nicotiana_tabacum	81	61676	-0.3	-0.31	0.38	-0.54	-0.1	-2.69	2.86	-18983.85
Solanum_lycopersicum	82	33952	-0.27	-0.27	0.45	-0.53	-0.04	-3.59	3.75	-9085.12
Capsicum_annuum	83	35548	-0.26	-0.27	0.37	-0.49	-0.06	-2.7	1.69	-9664.72
Spinacia_oleracea	84	21533	-0.28	-0.29	0.42	-0.54	-0.07	-2.48	2.65	-6275.99
Gossypium_hirsutum	85	60811	-0.29	-0.3	0.38	-0.53	-0.08	-2.7	1.63	-17977.22
Gossypium_raimondii	86	38037	-0.26	-0.26	0.41	-0.51	-0.05	-3.24	1.76	-10043.48
Morus_notabilis	87	26760	-0.3	-0.32	0.4	-0.56	-0.09	-2.53	1.72	-8542.94
Citrus_clementina	88	24934	-0.25	-0.26	0.39	-0.48	-0.05	-2.77	1.82	-6390.99
Citrus_sinensis	89	28132	-0.24	-0.25	0.4	-0.48	-0.04	-3.01	2.24	-7045.46
Musa_acuminata	90	36474	-0.24	-0.23	0.42	-0.49	-0.01	-3.57	2.73	-8511.53
Setaria_italica	91	34388	-0.23	-0.24	0.39	-0.47	-0.02	-2.28	1.9	-8169.64
Sorghum_bicolor	92	34014	-0.23	-0.24	0.39	-0.48	-0.01	-2.37	1.99	-8037.53
Zea_mays	93	39449	-0.25	-0.25	0.38	-0.48	-0.03	-2.26	2.16	-9691.18
Oryza_sativa	94	43589	-0.26	-0.27	0.42	-0.53	-0.03	-2.62	1.99	-11967.36
Brachypodium_distachyon	95	34230	-0.24	-0.25	0.39	-0.5	-0.03	-2.27	1.83	-8721.94
Cyanidioschyzon_merolae	96	4995	-0.27	-0.26	0.33	-0.44	-0.1	-2.65	1.56	-1303.61
Emiliania_huxleyi	97	35676	-0.17	-0.18	0.37	-0.38	0.03	-2.84	1.99	-6272.84
Physeter_catodon	98	18971	-0.37	-0.36	0.39	-0.6	-0.15	-2.5	1.82	-6773.37
Theileria_parva	99	4071	-0.38	-0.38	0.39	-0.6	-0.19	-2.11	1.16	-1566.73
Theileria_annulata	100	3790	-0.37	-0.37	0.37	-0.58	-0.18	-2.27	1.47	-1413.98
Theileria_equi	101	5313	-0.38	-0.36	0.37	-0.59	-0.17	-2.14	1.61	-1928.5
Cryptosporidium_muris	102	3930	-0.31	-0.32	0.37	-0.54	-0.12	-2.63	1.17	-1256.15
Cryptosporidium_parvum	103	3805	-0.38	-0.38	0.39	-0.61	-0.18	-2.04	2.4	-1462.18
Thalassiosira_pseudonana	104	11717	-0.38	-0.37	0.37	-0.58	-0.17	-2.22	1.79	-4335.33
Phytophthora_parasitica	105	21579	-0.34	-0.35	0.39	-0.58	-0.12	-2.26	1.5	-7502.73
Phytophthora_infestans	106	17609	-0.31	-0.32	0.38	-0.53	-0.11	-2.7	1.48	-5555.92
Aphanomyces_invadans	107	15212	-0.23	-0.23	0.37	-0.46	-0.02	-2.22	2.45	-3515.77
Aphanomyces_astaci	108	19020	-0.24	-0.24	0.37	-0.47	-0.02	-2.11	2.31	-4559.56
Lobosporangium_transversale	109	11593	-0.37	-0.36	0.42	-0.61	-0.16	-2.73	2.29	-4208.14
Batrachochytrium_dendrobatidis	110	8610	-0.28	-0.29	0.38	-0.5	-0.09	-2.23	1.78	-2489.64
Rhizophagus_irregularis	111	40820	-0.48	-0.47	0.4	-0.7	-0.24	-3.58	2.31	-19328.14
Helobdella_robusta	112	23328	-0.39	-0.41	0.46	-0.68	-0.16	-3.43	3.33	-9608.01
Phycomyces_blakesleeanus	113	16154	-0.31	-0.31	0.39	-0.53	-0.11	-2.21	3.0	-5036.48
Wallemia_ichthyophaga	114	4836	-0.42	-0.44	0.4	-0.67	-0.21	-2.37	1.06	-2124.1
Malassezia_pachydermatis	115	4201	-0.32	-0.33	0.35	-0.53	-0.13	-1.97	1.21	-1376.11
Malassezia_globosa	116	4273	-0.34	-0.34	0.35	-0.55	-0.14	-2.08	1.25	-1460.27
Pseudozyma_hubeiensis	117	7472	-0.4	-0.4	0.33	-0.59	-0.21	-2.19	1.16	-2972.82
Kalmanozyma_brasiliensis	118	5765	-0.36	-0.36	0.34	-0.56	-0.18	-2.18	1.05	-2079.9
Kockovaella_imperatae	119	7388	-0.36	-0.36	0.37	-0.58	-0.16	-1.96	1.87	-2634.09
Cryptococcus_neoformans	120	6604	-0.38	-0.37	0.37	-0.6	-0.17	-2.09	1.48	-2459.11
Cryptococcus_gattii	121	6560	-0.37	-0.37	0.36	-0.59	-0.17	-2.12	1.51	-2432.11
Mixia_osmundae	122	6725	-0.31	-0.3	0.34	-0.52	-0.11	-1.82	3.01	-2045.7
Rhodotorula_graminis	123	7225	-0.3	-0.31	0.37	-0.51	-0.11	-1.94	1.39	-2220.9
Melampsora_larici-populina	124	16237	-0.43	-0.43	0.39	-0.67	-0.21	-3.32	2.09	-7041.06
Heterobasidion_irregulare	125	13148	-0.29	-0.28	0.41	-0.53	-0.07	-2.11	1.57	-3742.94
Dictyostelium_purpureum	126	12347	-0.42	-0.46	0.45	-0.69	-0.2	-3.5	3.39	-5665.0
Postia_placenta	127	12515	-0.3	-0.29	0.37	-0.52	-0.09	-2.1	1.33	-3658.39
Schizosaccharomyces_japonicus	128	4852	-0.33	-0.34	0.37	-0.55	-0.13	-2.0	1.46	-1626.22
Pneumocystis_jirovecii	129	3746	-0.37	-0.37	0.38	-0.61	-0.16	-1.91	1.28	-1379.22
Pneumocystis_murina	130	3635	-0.35	-0.36	0.39	-0.6	-0.15	-2.72	1.58	-1297.95
Tuber_melanosporum	131	7494	-0.34	-0.34	0.41	-0.59	-0.12	-3.17	1.96	-2563.89
Marssonina_brunnea	132	10037	-0.37	-0.37	0.39	-0.61	-0.15	-2.73	3.1	-3683.6
Sclerotinia_sclerotiorum	133	14445	-0.38	-0.38	0.43	-0.63	-0.13	-3.37	3.55	-5446.18
Leptosphaeria_maculans	134	12608	-0.36	-0.36	0.4	-0.61	-0.14	-3.04	1.95	-4538.01
Bipolaris_zeicola	135	12851	-0.35	-0.35	0.4	-0.59	-0.13	-2.87	1.48	-4487.18
Parastagonospora_nodorum	136	15998	-0.36	-0.36	0.39	-0.59	-0.14	-2.28	1.63	-5718.63
Fonsecaea_erecta	137	12089	-0.33	-0.34	0.38	-0.56	-0.13	-2.12	1.88	-4053.51
Coccidioides_immitis	138	9587	-0.39	-0.4	0.37	-0.63	-0.19	-2.28	1.5	-3821.25
Uncinocarpus_reesii	139	7760	-0.39	-0.4	0.36	-0.62	-0.2	-3.68	1.46	-3088.58
Trichophyton_benhamiae	140	7976	-0.39	-0.42	0.44	-0.64	-0.18	-3.21	2.11	-3319.64
Nannizzia_gypsea	141	8921	-0.38	-0.4	0.4	-0.63	-0.18	-2.57	1.67	-3529.49
Microsporum_canis	142	8764	-0.37	-0.38	0.37	-0.6	-0.17	-2.33	1.19	-3313.43
Talaromyces_stipitatus	143	12468	-0.35	-0.35	0.38	-0.58	-0.15	-2.27	1.37	-4334.29
Aspergillus_terreus	144	10417	-0.31	-0.31	0.38	-0.53	-0.11	-2.1	1.36	-3224.69
Aspergillus_clavatus	145	9140	-0.33	-0.33	0.39	-0.57	-0.12	-2.46	1.44	-3032.6
Aspergillus_fumigatus	146	9647	-0.32	-0.32	0.38	-0.55	-0.12	-2.14	1.39	-3097.32
Aspergillus_thermomutatus	147	9702	-0.32	-0.32	0.38	-0.54	-0.12	-2.11	1.17	-3124.82
Aspergillus_novofumigatus	148	11478	-0.31	-0.3	0.4	-0.54	-0.1	-2.15	1.42	-3490.91
Aspergillus_niger	149	10373	-0.31	-0.32	0.38	-0.53	-0.12	-2.09	2.16	-3271.26
Aspergillus_sclerotioniger	150	12304	-0.29	-0.29	0.4	-0.52	-0.09	-2.93	1.79	-3593.1
Aspergillus_heteromorphus	151	10837	-0.31	-0.31	0.41	-0.55	-0.1	-3.07	2.35	-3342.23
Aspergillus_eucalypticola	152	11883	-0.3	-0.3	0.4	-0.53	-0.11	-2.12	2.32	-3609.76
Aspergillus_oryzae	153	11429	-0.31	-0.31	0.37	-0.52	-0.12	-2.24	1.56	-3526.76
Aspergillus_nomius	154	11914	-0.3	-0.3	0.38	-0.51	-0.11	-2.75	1.63	-3545.36
Pestalotiopsis_fici	155	15412	-0.3	-0.3	0.38	-0.52	-0.1	-2.96	1.35	-4643.58
Aspergillus_bombycis	156	12265	-0.29	-0.29	0.38	-0.5	-0.1	-2.29	1.34	-3577.32
Histoplasma_capsulatum	157	9252	-0.41	-0.42	0.37	-0.64	-0.2	-2.02	1.38	-3841.24
Blastomyces_gilchristii	158	9690	-0.39	-0.39	0.39	-0.63	-0.18	-2.54	2.04	-3812.77
Paracoccidioides_brasiliensis	159	8399	-0.41	-0.41	0.37	-0.64	-0.19	-1.96	1.57	-3460.2
Paracoccidioides_lutzii	160	8811	-0.4	-0.41	0.37	-0.64	-0.2	-2.98	1.21	-3633.17
Sordaria_macrospora	161	9890	-0.43	-0.44	0.39	-0.67	-0.21	-2.34	1.85	-4315.16
Neurospora_crassa	162	9759	-0.42	-0.43	0.38	-0.66	-0.21	-2.42	1.45	-4194.99
Thermothelomyces_thermophila	163	9079	-0.38	-0.38	0.39	-0.62	-0.17	-2.16	1.47	-3470.47
Chaetomium_globosum	164	11042	-0.38	-0.38	0.35	-0.59	-0.18	-2.39	1.23	-4222.77
Chaetomium_thermophilum	165	7183	-0.41	-0.41	0.38	-0.64	-0.2	-2.31	1.42	-2967.26
Thielavia_terrestris	166	9760	-0.33	-0.33	0.4	-0.57	-0.11	-2.26	1.95	-3216.32
Grosmannia_clavigera	167	8311	-0.29	-0.29	0.36	-0.52	-0.08	-1.99	1.44	-2433.32
Pochonia_chlamydosporia	168	14143	-0.32	-0.32	0.37	-0.54	-0.13	-2.38	1.23	-4538.19
Trichoderma_atroviride	169	11770	-0.31	-0.31	0.39	-0.53	-0.11	-2.35	1.48	-3657.59
Trichoderma_reesei	170	9112	-0.33	-0.34	0.39	-0.56	-0.13	-3.16	1.54	-3053.52
Trichoderma_virens	171	12383	-0.3	-0.3	0.38	-0.52	-0.1	-2.31	1.52	-3745.75
Fusarium_venenatum	172	13945	-0.34	-0.35	0.39	-0.57	-0.14	-2.54	1.38	-4821.79
Fusarium_graminearum	173	14160	-0.35	-0.36	0.39	-0.58	-0.15	-2.22	1.67	-5046.25
Fusarium_oxysporum	174	16952	-0.33	-0.33	0.39	-0.55	-0.14	-2.63	2.15	-5653.82
Fusarium_verticillioides	175	15889	-0.34	-0.34	0.39	-0.56	-0.14	-2.2	1.46	-5331.61
Colletotrichum_higginsianum	176	16110	-0.31	-0.32	0.41	-0.56	-0.1	-2.57	1.36	-5158.2
Colletotrichum_graminicola	177	12019	-0.32	-0.33	0.39	-0.56	-0.11	-2.41	1.44	-3912.39
Colletotrichum_orchidophilum	178	14495	-0.32	-0.32	0.39	-0.56	-0.11	-2.7	1.38	-4643.99
Verticillium_dahliae	179	10530	-0.34	-0.34	0.38	-0.57	-0.12	-2.12	1.23	-3570.26
Verticillium_alfalfae	180	10233	-0.34	-0.34	0.38	-0.58	-0.14	-3.32	1.66	-3524.35
Amborella_trichopoda	181	27371	-0.27	-0.29	0.42	-0.54	-0.05	-3.93	1.6	-8053.38
Baudoinia_panamericana	182	10508	-0.35	-0.34	0.38	-0.58	-0.14	-2.17	1.4	-3617.11
Zymoseptoria_tritici	183	10972	-0.37	-0.36	0.39	-0.6	-0.16	-2.24	1.52	-4000.87
Lucilia_cuprina	184	14353	-0.39	-0.38	0.45	-0.66	-0.13	-2.87	3.04	-5416.42
Candida_auris	185	5407	-0.4	-0.4	0.39	-0.63	-0.18	-1.8	1.18	-2143.56
Candida_haemulonis	186	5240	-0.41	-0.41	0.39	-0.64	-0.2	-2.39	1.21	-2147.33
Candida_pseudohaemulonis	187	5132	-0.36	-0.35	0.38	-0.58	-0.15	-1.96	1.21	-1816.32
Clavispora_lusitaniae	188	5932	-0.34	-0.34	0.39	-0.57	-0.13	-3.06	2.15	-2031.72
Metschnikowia_bicuspidata	189	5826	-0.28	-0.26	0.41	-0.5	-0.06	-2.16	2.27	-1521.81
Scheffersomyces_stipitis	190	5797	-0.37	-0.36	0.39	-0.59	-0.16	-1.89	1.16	-2063.23
Meyerozyma_guilliermondii	191	5919	-0.35	-0.35	0.39	-0.58	-0.15	-1.85	1.32	-2045.96
Talaromyces_marneffei	192	10028	-0.35	-0.34	0.39	-0.57	-0.14	-2.33	1.39	-3432.14
Candida_albicans	193	6035	-0.42	-0.42	0.41	-0.68	-0.2	-2.08	2.2	-2553.23
Candida_viswanathii	194	10576	-0.38	-0.38	0.4	-0.62	-0.16	-2.71	1.61	-4020.99
Candida_tropicalis	195	6226	-0.41	-0.41	0.41	-0.65	-0.18	-2.74	1.46	-2526.45
Lodderomyces_elongisporus	196	5779	-0.42	-0.42	0.44	-0.68	-0.21	-2.02	2.5	-2409.23
Spathaspora_passalidarum	197	5973	-0.37	-0.37	0.39	-0.61	-0.17	-2.04	1.51	-2234.78
Wickerhamomyces_anomalus	198	6406	-0.38	-0.38	0.42	-0.62	-0.16	-2.63	1.62	-2431.92
Tetrapisispora_blattae	199	5385	-0.44	-0.44	0.38	-0.68	-0.22	-2.04	1.54	-2367.0
Vanderwaltozyma_polyspora	200	5314	-0.42	-0.42	0.39	-0.66	-0.21	-2.25	1.93	-2249.02
Tetrapisispora_phaffii	201	5238	-0.42	-0.42	0.37	-0.65	-0.21	-2.46	1.52	-2191.0
Kluyveromyces_marxianus	202	4926	-0.39	-0.4	0.38	-0.63	-0.2	-2.04	1.37	-1958.24
Eremothecium_sinecaudum	203	4524	-0.37	-0.37	0.36	-0.59	-0.18	-2.25	1.8	-1694.7
Eremothecium_cymbalariae	204	4429	-0.36	-0.37	0.36	-0.59	-0.17	-2.23	1.53	-1623.72
Eremothecium_gossypii	205	4758	-0.33	-0.33	0.36	-0.55	-0.13	-2.26	1.56	-1546.96
Lachancea_thermotolerans	206	5093	-0.36	-0.36	0.37	-0.59	-0.16	-1.99	1.39	-1851.92
Lachancea_lanzarotensis	207	5055	-0.36	-0.37	0.38	-0.6	-0.16	-2.25	1.43	-1851.04
Naumovozyma_dairenensis	208	5523	-0.45	-0.45	0.38	-0.69	-0.23	-2.45	1.58	-2494.67
Kazachstania_naganishii	209	5301	-0.38	-0.38	0.36	-0.61	-0.17	-1.83	1.29	-2002.95
Kazachstania_africana	210	5354	-0.4	-0.4	0.38	-0.63	-0.2	-2.25	1.43	-2145.22
Saccharomyces_cerevisiae	211	6049	-0.39	-0.39	0.41	-0.65	-0.17	-2.45	1.64	-2331.36
Drosophila_ficusphila	212	15031	-0.36	-0.36	0.42	-0.62	-0.13	-2.41	2.12	-5341.78
Naumovozyma_castellii	213	5565	-0.41	-0.42	0.38	-0.66	-0.21	-2.45	1.73	-2332.58
Kuraishia_capsulata	214	6027	-0.32	-0.31	0.39	-0.54	-0.1	-1.91	1.88	-1854.44
Ogataea_parapolymorpha	215	5338	-0.36	-0.35	0.38	-0.58	-0.16	-1.91	1.45	-1879.89
Dipodomys_ordii	216	19728	-0.34	-0.3	0.45	-0.58	-0.1	-3.58	1.63	-5928.41
